0.646011305715122
0.17579736281228175
0.9048778160895705
0.570574349495145
0.28889159080965776
0.9236479675420549
0.14292671684108604
0.4442307571014034
0.2695500349762212
0.5928206043216135
0.2288521169528509
0.8143392504146987
0.4813559843437395
0.1795545013314515
0.9161651424924282
0.5038864922035493
0.32630489057864354
0.8229092201289199
0.21953152837017373
0.39584625161978515
0.42978740896976875
0.5876921929967236
0.25136190054541996
0.646996188719277
0.6082928276051335
0.23234447681096976
0.9142628918158127
0.3567505331681155
0.36656117395553056
0.596599001259138
0.3678736605813498
0.33654143702712713
0.5419446426954599
0.45476063364698527
0.20608187840173608
0.8708958596549923
0.45476063364698527
0.20608187840173608
0.8708958596549923
0.3769496489421553
0.2735149150991253
0.8248114708055354
0.36666748740560756
0.3555899682428981
0.6560976278395505
0.4393500607855475
0.310666715138078
0.5348389549935858
