0.5200217016215999
0.5650841022091834
0.19904669770557626
0.010281416856006254
0.3768496617770942
0.2865029729210957
0.5396299029281051
0.28190687109342005
0.7238006847398268
0.6837662829985118
0.8278044096808583
0.0341866393301995
0.27557201682616583
0.5116118524257126
0.2525970970313467
0.8242155525320203
0.9585604179699218
0.8036381247453758
0.6254976604155622
0.265836497182558
0.2355055693078837
0.7344738778830769
0.25040199743660163
0.11632849204167217
0.316700662972357
0.18331163985062127
0.927452468895286
0.1981405685034322
0.7682984639078069
0.55742874441553
0.8244480360179328
0.39447154176869426
0.9198434661888238
0.5524847750427634
0.8567240815421238
0.7162847958441817
0.646011305715122
0.17579736281228175
0.9048778160895705
0.22838596410878542
0.5516390178829768
0.5394631293419989
0.6694425637527717
0.44348140366770816
0.32448085403290317
0.6421040485701335
0.21258969339825085
0.6456730298651149
