0.010281416856006254
0.3768496617770942
0.2865029729210957
0.27557201682616583
0.5116118524257126
0.2525970970313467
0.316700662972357
0.18331163985062127
0.927452468895286
0.646011305715122
0.17579736281228175
0.9048778160895705
0.27495565989205567
0.32937826643525714
0.5051518288304613
0.450534838620864
0.3887241748041353
0.2440513331696152
0.570574349495145
0.28889159080965776
0.9236479675420549
0.4371986349119537
0.36371819034762926
0.7221704727157847
0.14292671684108604
0.4442307571014034
0.2695500349762212
0.2961363398992614
0.34746174613816694
0.5900247829633163
0.4813559843437395
0.1795545013314515
0.9161651424924282
0.5928206043216135
0.2288521169528509
0.8143392504146987
0.5928206043216135
0.2288521169528509
0.8143392504146987
0.5825637816718336
0.273871684137989
0.47965312702385526
0.7249728482167475
0.3301540194756261
0.5776745177483538
0.5264170000633591
0.4730552798258355
0.7296532977654113
