0.20070066221839544
0.6832495224176194
0.1766906307116366
0.9427008659614204
0.997637311105775
0.12411914939321389
0.8088183988344665
0.39840375150851015
0.7590697854325993
0.2881301805158438
0.29135549507906033
0.34997160258629345
0.5264923734220259
0.38045163255374426
0.5864645128089081
0.9427008659614204
0.997637311105775
0.12411914939321389
0.5417864486733033
0.22621321337069206
0.52854950983631
0.15055526979189932
0.4363135549869835
0.2706456826409955
0.5717007640899079
0.8404434167616972
0.15040489005242524
0.8757596323979435
0.6980205313071426
0.4415944674129066
0.5484742896751551
0.34487962329378524
0.5545206940094464
0.5702071325707501
0.18450461888446473
0.6731049987462365
0.5702071325707501
0.18450461888446473
0.6731049987462365
0.8974924752935384
0.5376455268978221
0.5601787721496967
0.6087276822367802
0.5258299931693244
0.2110741918166173
0.14386742879004744
0.3176471450638903
0.2446744984678591
