0.20070066221839544
0.6832495224176194
0.1766906307116366
0.7186350322862933
0.8962957948676511
0.4404240257450782
0.8522840846256563
0.07765374268986913
0.9962383949061796
0.572341452800957
0.27125641905183195
0.1677166931349836
0.30380975441710023
0.7501028562747538
0.9142858164378559
0.07390536092334621
0.9510154067221468
0.6695480028872276
0.5244919349512592
0.35630302629397326
0.1273671173563442
0.9427008659614204
0.997637311105775
0.12411914939321389
0.8088183988344665
0.39840375150851015
0.7590697854325993
0.27475449851214007
0.05402267523287396
0.2980292342400207
0.8239697180533511
0.7401229471917488
0.6391851538704176
0.9028244677627044
0.9571922855164762
0.15383438043491682
0.2881301805158438
0.29135549507906033
0.34997160258629345
0.9553826475316196
0.520808550425056
0.31868388511385437
0.012980359067954805
0.5812716148949066
0.1913197626956975
0.13332157179801185
0.6487145822938528
0.058050659784667946
