0.9427008659614204
0.997637311105775
0.12411914939321389
0.5264923734220259
0.38045163255374426
0.5864645128089081
0.8757596323979435
0.6980205313071426
0.4415944674129066
0.5702071325707501
0.18450461888446473
0.6731049987462365
0.5717007640899079
0.8404434167616972
0.15040489005242524
0.5341394110476646
0.3033324229622182
0.557507011322609
0.7121169610365493
0.5214500773004639
0.49805758071117645
0.7338498039321442
0.3610750728911434
0.6166418854479666
0.7345966196917232
0.6890444718297597
0.355291831101061
0.7011260029099847
0.5392360819304434
0.5140294901109074
0.7229833824843468
0.4412625750958037
0.5573497330795716
0.38545389739457275
0.4338770706510421
0.42489781472893656
0.38545389739457275
0.4338770706510421
0.42489781472893656
0.37124355544584936
0.4547313678941557
0.3526200702739733
0.5451303691742292
0.28554641833223865
0.5415351019228782
0.7229833824843468
0.4412625750958037
0.5573497330795716
